-0.011845514604240154
-0.022622752727671443
-0.01498495546920374
0.03570705977177877
0.0048187106631432134
-0.014739185579837132
0.02965835100448901
-0.001679734607697169
0.00238831275566632
0.061840653156306484
0.406828703353602
0.7908464264740733
1.2936929967538964
1.3336839234630498
1.0965374308574614
0.7863882835002916
0.340902036808185
0.021782226721773646
-0.29925306928199424
-0.5116042315946083
-0.556787615403578
-0.6883242726540142
-0.49551107342759043
-0.4490624459683472
-0.3625845423643661
-0.21538606273967908
-0.19934184809308272
-0.12469941967560055
-0.08170586759624099
0.010112129382632767
0.004491038010212233
-0.046954560800940716
0.0552990163554936
0.12059794555258097
0.009353796240294322
-0.001148377306053435
0.01643927090810724
-0.06497957454321145
-0.023706715048810126
-0.021179582654991952
-0.023885769041839783
-0.030235782142834594
-0.022298963568277215
0.019025086924791143
-0.03344457091143182
-0.01768728810710756
-0.013503021041910727
-0.00020808685497934601
-0.01806773339662639
-0.009458801657267138
-0.1943199689731148
-0.37856985080798755
-0.5138429013323569
-0.6923578260207409
-0.5300257325240373
-0.4157661766601261
-0.1426776309497904
-0.023622156685455534
0.1845540311060654
0.2444376801471852
0.37310745466989714
0.6301344055808276
0.8154611389465587
0.7868433892950442
0.6508975425026857
0.5121490008694686
0.23831575752834988
-0.13209185421677347
-0.5628833791690946
-0.6970161876605236
-0.8240778300593942
-0.6246585422550872
-0.5193954797326394
-0.40445051462873094
-0.1397513210049876
0.04410968079947607
0.02777204882701896
0.15331259204224876
0.1789130763668855
0.17627276943790587
0.18015917301235898
0.12853696665321387
0.1690434997134799
0.0791409010219646
0.011344072035904876
0.06729503720058437
0.08735011738997234
-0.05048172557408403
-0.00458654505977521
0.009427236685279429
-0.03027558192652405
-0.09962097475157963
-0.020137014884251403
-0.09973424891612159
0.04076046726623209
0.04923197985124011
-0.008467833849158713
-0.05489041933429612
-0.028338325915458373
-0.09578794550517603
0.0478929810344515
-0.0724072970670445
-0.08276816390826887
0.06500184960040202
0.055731543820820316
-0.03523095669548158
0.06628580669504151
0.041166737223826654
0.09092707991311008
-0.04764732282819473
0.06364580110490801
0.013401344996647467
-0.040709695476816334
0.07683213860819796
0.03141529721090777
0.04277017660951373
-0.030479034700555248
-0.02075286733557691
-0.04599060839666638
-0.0016285799276481777
0.02642403862682618
0.0978623197656076
-0.012812686971672092
0.006254789743091216
-0.0620833785062377
0.009268313427857684
0.053000822278734885
-0.03958706793469811
-0.015900766565011545
0.027508166890259783
-0.006565440137466723
0.06950243284794319
0.11271976365181993
-0.04999492225156123
-0.04567381014945278
0.046098314847761175
0.024239398238761232
0.07789736759132249
-0.05723833338840026
0.03423383501157375
-0.03924107220513199
0.03562691727813583
-0.10617270771251926
0.008033300931918393
-0.012187724057904395
-0.004789836602862033
-0.0014377892023765158
0.057398995039259784
0.019266645674864913
-0.08394734427011252
0.0049425208920797405
-0.014703163815542864
0.06629812866611072
0.03916120883239435
0.007589115415292927
-0.0274075904469063
-0.01256943101865469
0.03947774912249771
-0.01450511220950754
-0.00849855653719978
0.017031586837322643
-0.05545805436807727
-0.016529303918571117
0.029454151932826717
0.01754048367726643
-0.04431140597651438
-0.026402383630298294
-0.009968717151533607
-0.054636075507792065
0.048072353788586535
0.04496241254032399
0.03475339356336082
0.021225545749756634
0.0507372031155943
0.03293091671846818
0.09233667477279735
0.030414541177246658
0.035996635107845766
0.006636242498145448
-0.026141335159916575
0.0368216100056609
0.010125612302324892
0.07161294869022831
-0.08574121495450067
0.03508481535927293
-0.015099753388209833
-0.01683434865104665
0.013664285227200024
0.04905307097417642
-0.05666463131338502
-0.03430497869663715
-0.04647492465491787
0.04155638114328654
0.012245883773622908
0.06851907094665881
0.0034582235946061337
-0.005804889219011047
-0.09583128748012788
0.05571687205147688
0.015835649499341433
-0.054976365608632664
0.05007055862113862
-0.027027467068475364
0.0076957117069782425
-0.05914591040678402
0.017344241169561347
0.0015653642604207948
0.045101713672310695
-0.08613053731051525
0.06084158588752127
-0.00015428646540088713
-0.01793564336580492
-0.021164895185133117
-0.004362650993553925
