0.0
0.0
0.0
0.0
0.0
0.0
0.0
0.0
0.0
0.0
0.3270534237278534
0.875115459884624
1.256151822823643
1.3375913160796724
1.1486847673797818
0.791634518233994
0.3790738283565157
7.678089645783037e-6
-0.29207366304071125
-0.4772176630379356
-0.560391582331042
-0.5612774545670666
-0.5053753487149208
-0.41763244144707307
-0.3187244073253114
-0.22353569459021233
-0.14117496250065553
-0.07587868101349762
-0.028285096256785124
0.0032761399536317534
0.021682370952319348
0.03019037511193747
0.031889442608757035
0.029396384741557598
0.02473449937674446
0.019336590074549076
0.014120045232030906
0.009594092800997192
0.00597194116276791
0.003271503819395392
0.0013968892413022357
0.000198704652669565
-0.00048520051208248186
-0.0008051260812586785
-0.0008870617534385314
-0.0008285977230283157
-0.0007000322295259737
-0.000548250279005074
-0.0004016748618245569
-0.0002752125095547396
-0.16370130766200428
-0.4376575967101291
-0.6281238772334427
-0.6688101745962489
-0.574337338526074
-0.3958024227511334
-0.18951867649209622
1.398740088881786e-5
0.14605226952157319
0.2386211202665581
0.41102627791278057
0.6306912291328197
0.7551524575697062
0.7438550939366103
0.6188361106134062
0.42842165458870374
0.22221701259293405
-0.09287895774853425
-0.4527331010417416
-0.6949858643214474
-0.7700343448404454
-0.699080076334708
-0.5347486680839445
-0.33338070029221434
-0.1398600838543551
0.017746892342925036
0.1273570575988966
0.1890081141265192
0.21021097274272862
0.20182484355772337
0.17502748033910584
0.13946656064856477
0.102412655135629
0.0686311019375146
0.0406888030328161
0.019462973394047837
0.004687578226122649
-0.0045611861210263244
-0.009486536148755546
-0.011309569260967288
-0.011112500301063359
-0.009764384505721419
-0.007904733323842067
-0.00596281024710948
-0.0041949844036827146
-0.0027276337372502887
-0.001597733262649366
-0.0007869690309787787
-0.0002478708064064253
7.785082721594512e-5
0.0002476534852133541
0.0003117190465301634
0.0003102257191686704
0.00027303287864287464
0.0002213181777098657
0.00016660449107526126
0.00011738007828655155
7.696889751571321e-5
4.612190761385258e-5
2.4101827684567336e-5
9.453525012353745e-6
5.090926479939974e-7
-4.31291323007045e-6
-6.356361982710606e-6
-7.130578749560443e-6
-6.175200487021216e-6
-4.915499036121434e-6
-3.6469024472702843e-6
-2.527158174734209e-6
-1.621633115368023e-6
-9.387124819451061e-7
4.648766917127496e-13
0.0
0.0
0.0
0.0
0.0
0.0
0.0
0.0
0.0
0.0
0.0
0.0
0.0
0.0
0.0
0.0
0.0
0.0
0.0
0.0
0.0
0.0
0.0
0.0
0.0
0.0
0.0
0.0
0.0
0.0
0.0
0.0
0.0
0.0
0.0
0.0
0.0
0.0
0.0
0.0
0.0
0.0
0.0
0.0
0.0
0.0
0.0
0.0
0.0
0.0
0.0
0.0
0.0
0.0
0.0
0.0
0.0
0.0
0.0
0.0
0.0
0.0
0.0
0.0
0.0
0.0
0.0
0.0
0.0
0.0
0.0
0.0
0.0
0.0
0.0
0.0
0.0
0.0
0.0
0.0
0.0
0.0
0.0
0.0
0.0
0.0
0.0
0.0
0.0
0.0
0.0
0.0
