0.3270534237278534
0.875115459884624
1.256151822823643
1.3375913160796724
1.1486847673797818
0.791634518233994
0.3790738283565157
7.678089645783037e-6
-0.29207366304071125
-0.4772176630379356
-0.560391582331042
-0.5612774545670666
-0.5053753487149208
-0.41763244144707307
-0.3187244073253114
-0.22353569459021233
-0.14117496250065553
-0.07587868101349762
-0.028285096256785124
0.0032761399536317534
0.021682370952319348
0.03019037511193747
0.031889442608757035
0.029396384741557598
0.02473449937674446
0.019336590074549076
0.014120045232030906
0.009594092800997192
0.00597194116276791
0.003271503819395392
0.0013968892413022357
0.000198704652669565
-0.00048520051208248186
-0.0008051260812586785
-0.0008870617534385314
-0.0008285977230283157
-0.0007000322295259737
-0.000548250279005074
-0.0004016748618245569
-0.0002752125095547396
-0.00017459579807757364
-9.98667678170784e-5
-4.796582162111475e-5
-1.451655641270865e-5
5.045163816850528e-6
1.4836365863596182e-5
1.823768616163928e-5
1.7826445711709377e-5
1.543800121755304e-5
1.2288747590303585e-5
9.11725611817571e-6
6.317895436835522e-6
4.054082788420057e-6
2.346781204862765e-6
-1.1621917292818739e-12
